Entry	PlantHeightCm
1	123.3
2	117.9
3	121.5
4	123.2
5	121.5
6	118.6
7	125.2
8	125.6
9	125.3
10	126.8
11	120.7
12	124.6
13	119.6
14	117.7
15	108.3
16	117.7
17	124.5
18	128.4
19	114.3
20	112.7
21	110.9
22	122.3
23	124.3
24	130.4
25	111.7
26	123.8
27	121.0
28	110.8
29	119.6
30	111.8
31	128.7
32	125.1
33	123.4
34	110.4
35	119.1
36	111.5
37	126.1
38	118.1
39	120.2
40	119.7
41	111.0
42	119.9
43	125.6
44	129.9
45	120.0
46	114.4
47	121.4
48	107.8
49	117.9
50	113.7
51	114.9
52	120.9
53	132.7
54	109.1
55	112.2
56	109.5
57	132.5
58	115.9
59	125.5
60	112.7
61	120.0
62	123.7
63	117.5
64	117.9
65	121.7
66	113.7
67	113.4
68	110.6
69	117.4
70	121.5
71	122.9
72	124.1
73	120.4
74	117.6
75	120.5
76	124.3
77	125.9
78	115.3
79	125.4
80	118.0
81	117.5
82	120.0
83	110.8
84	118.5
85	119.5
86	119.7
87	111.9
88	114.3
89	126.9
90	122.3
91	111.2
92	122.7
93	119.7
94	124.8
95	121.2
96	121.1
97	122.8
98	119.6
99	119.6
100	120.2
101	121.8
102	112.4
103	122.8
104	121.6
105	114.3
106	120.5
107	116.4
108	125.9
109	118.1
110	125.9
111	117.6
112	121.8
113	123.6
114	136.0
115	105.0
116	124.9
117	120.3
118	129.0
119	121.8
120	111.1
121	131.2
122	129.6
123	127.2
124	104.3
125	128.4
126	123.0
127	119.6
128	118.4
129	125.7
130	115.9
131	121.4
132	120.4
133	112.1
134	124.3
135	123.1
136	120.2
137	132.2
138	113.8
139	120.5
140	124.2
141	126.1
142	127.3
143	122.7
144	114.0
145	118.9
146	125.0
147	122.9
148	126.4
149	122.3
150	117.8
151	125.2
152	123.2
153	118.7
154	123.0
155	126.5
156	121.2
157	125.2
158	111.9
159	125.8
160	126.0
161	124.2
162	118.8
163	113.8
164	118.7
165	124.3
166	124.5
167	124.6
168	119.9
169	111.7
170	120.4
171	126.8
172	121.3
173	123.1
174	112.8
175	115.7
176	119.1
177	122.7
178	117.2
179	111.0
180	121.8
181	128.2
182	111.7
183	122.9
184	123.0
185	119.1
186	114.9
187	108.0
188	126.7
189	120.0
190	123.1
191	121.8
192	119.1
193	119.3
194	121.7
195	126.5
